- name: Taipei 101
  latitude: 25.033964
  longitude: 121.564472
